1 (1 : 1)
2 × (5 : 1)
3 ericehtbitvuetier
4 2(2:1)
5 22.
6 6.6
7 7.5
8 (0,9Boaa)
9 8
10 66
11 0.2
12 A
13 0.
14 6.4
15 38.,9
16 74 (.4
17 0.1
18 (3Bo(3x)
19 -9.59±0.1(3x120°)
20 15°d
21 0.5x45°
22 124.4±0.1Ma525ma
23 0.5
24 7(+0.4,+04, ))
25 5.5(+0.5, +0.5)
26 117 H3
27 62(+0.2, +0.)
28 0.,9Bo.9
29 56
30 6
31 66
32 86
33 Ev7Naht
34 5.1Gehieiftuefiteg
35 跳动:0,002:A
36 R2
37 (4.5)
38 M89S;ie+.8, 
39 1(0.05, -0.0070)
40 跳动:0.02, +0.00
41 平行度:0.002:B
42 × (10:1)
43 30°
44 ieh emiem0.5x45°
45 粗糙度:Y8
46 5
47 nienrihoihtnmht ththn eurhve
48 4r1(+0.12, -0.0)
49 0.2x0.1,
50 5RR-1.041144-
51 17H
52 D×70107R00
